                 +------+----------+------+
                 | GAME | PHYSICAL | GAME |
                 +------+----++----+------+
            3.3V |      |  1 || 2  |      | 5V
                 |    2 |  3 || 4  |      | 5V
                 |    3 |  5 || 6  |      | 0V
                 |    4 |  7 || 8  | 14   |
              0V |      |  9 || 10 | 15   |
                 |   17 | 11 || 12 | 18   |
                 |   27 | 13 || 14 |      | 0V
                 |   22 | 15 || 16 | 23   |
            3.3V |      | 17 || 18 | 24   |
                 |   10 | 19 || 20 |      | 0V
                 |    9 | 21 || 22 | 25   |
                 |   11 | 23 || 24 | 8    |
              0V |      | 25 || 26 | 7    |
                 |    0 | 27 || 28 | 1    |
                 |    5 | 29 || 30 |      | 0V
                 |    6 | 31 || 32 | 12   |
                 |   13 | 33 || 34 |      | 0V
                 |   19 | 35 || 36 | 16   |
                 |   26 | 37 || 38 | 20   |
              0V |      | 39 || 40 | 21   |
                 +------+----++----+------+
                 | GAME | PHYSICAL | GAME |
                 +------+----------+------+